0 	1 	-52
1 	0 	-52
0	2	-59
2	0	-59
1 	3 	-58
3 	1	-58
1	4	-53
4	1	-53
1	5	-54
5	1	-54
5	6	-58
6	5	-58
2	7 	-51
7	2	-51
2	8	-54
8	2	-54
8	9	-57
9	8	-57
10	12	-58
12	10	-58
10	18	-67
18	10	-67
10	15	-54
15	10	-54
11	17	-50
17	11	-50
12	19	-58
19	12	-58
12	13	-52
13	12	-52
12	16	-56
16	12	-56
13	19	-51
19	13	-51
13	16	-57
16	13	-57
14	15	-59
15	14	-59
17	18	-51
18	17	-51
2	18	-54
18	2	-54
9	17	-58
17	9	-58
6	16	-59
16	6	-59
8	19	-52
19	8	-52
20	21	-51
21	20	-51
20	22	-57
22	20	-57
21	23	-59
23	21	-59
21	24	-55
24	21	-55
23	26	-57
26	23	-57
23	27	-51
27	23	-51
23	28	-54
28	23	-54
22	25	-56
25	22	-56
25	29	-52	
29	25	-52
27	2	-51
2	27	-51
0	28	-51
28	0	-51
24	19	-55
19	24	-55
29	10	-53
10	29	-53
